915
-110 -63
-96 -64
-87 -66
-80 -68
-72 -69
-72 -68
-71 -59
-69 -49
-69 -35
-69 -24
-77 -18
-85 -17
-97 -14
-105 -14
-108 -14
-109 -20
-109 -33
-111 -45
-112 -55
-112 -60
-116 -54
-120 -42
-120 -37
-120 -26
-118 -12
-115 -5
-105 -6
-93 -7
-75 -10
-65 -14
-63 -16
-59 -33
-59 -43
-58 -58
-57 -64
-53 -64
-46 -63
-49 -77
-50 -103
-58 -128
-61 -139
-68 -125
-73 -118
-83 -103
-89 -95
-95 -84
-103 -71
-111 -60
-111 -55
-120 -44
-125 -34
-128 -22
-131 -10
-132 -9
-132 -23
-132 -36
-133 -46
-136 -63
-136 -60
-136 -43
-135 -30
-133 -15
-134 -7
-139 -11
-140 -22
-140 -34
-142 -52
-140 -26
-138 -14
-137 -9
-140 -4
-148 -1
-152 0
-156 2
-156 7
-156 13
-154 18
-152 25
-149 31
-148 36
-148 42
-149 43
-145 50
-141 53
-137 55
-132 51
-129 52
-124 51
-117 51
-113 49
-108 49
-107 48
-108 46
-118 52
-128 53
-131 53
-133 54
-132 58
-131 60
-130 66
-129 70
-127 77
-127 83
-126 91
-126 95
-124 100
-118 105
-112 105
-102 107
-89 107
-81 105
-73 106
-63 105
-58 104
-52 106
-50 109
-46 116
-43 122
-41 130
-38 141
-37 150
-37 155
-38 163
-38 151
-41 151
-48 153
-51 159
-54 170
-54 183
-54 194
-54 198
-57 195
-69 180
-74 171
-74 160
-71 156
-66 154
-57 150
-46 140
-45 133
-45 125
-47 119
-50 109
-54 104
-57 111
-61 119
-66 124
-76 135
-88 148
-97 154
-102 159
-104 161
-104 147
-104 135
-104 115
-104 106
-93 106
-77 106
-83 114
-93 126
-97 139
-103 155
-104 164
-104 173
-105 187
-103 195
-109 192
-113 181
-115 160
-115 142
-115 120
-113 106
-113 110
-116 123
-120 136
-117 149
-115 160
-117 156
-123 150
-133 150
-140 150
-143 156
-144 165
-144 172
-143 179
-140 184
-135 188
-127 193
-122 196
-130 185
-137 180
-142 169
-142 160
-137 149
-143 147
-150 141
-153 130
-152 114
-146 96
-141 81
-134 66
-132 62
-132 59
-134 57
-137 61
-142 68
-148 78
-151 90
-154 98
-154 106
-154 111
-155 113
-156 118
-156 128
-157 141
-152 155
-147 160
-145 163
-142 169
-138 182
-131 188
-122 191
-110 195
-108 193
-104 172
-104 167
-96 163
-88 162
-72 157
-59 151
-41 136
-39 142
-38 149
-47 154
-50 157
-54 170
-54 187
-48 187
-43 186
-36 188
-22 191
-17 190
-18 172
-18 154
-17 122
-18 105
-18 85
-17 65
-17 62
-20 63
-33 69
-48 79
-71 88
-88 97
-100 100
-105 104
-102 106
-82 107
-64 106
-54 104
-50 108
-45 118
-40 135
-38 149
-36 152
-37 161
-39 148
-44 152
-53 160
-54 178
-52 186
-43 188
-30 191
-12 192
5 193
16 191
16 186
9 180
3 171
1 158
5 144
11 132
16 115
22 105
25 77
24 59
24 43
22 30
21 12
22 6
24 0
34 -11
34 -12
30 -15
23 -17
15 -23
8 -27
2 -35
-3 -44
-3 -45
-5 -25
-6 -13
-7 2
-9 78
-10 85
-11 99
-11 115
-12 128
-12 144
-10 159
-10 177
-10 186
-10 192
8 193
25 190
29 188
27 174
27 155
32 131
45 107
61 85
69 75
74 66
78 48
82 23
85 6
90 -17
85 -3
73 15
67 32
53 53
43 78
33 91
30 89
36 75
41 59
54 31
65 6
67 -4
62 -7
51 -9
41 -11
34 -15
20 -22
15 -30
30 -19
41 -15
54 -11
57 -11
49 -16
40 -24
33 -31
48 -20
59 -16
68 -14
73 -13
62 -20
56 -26
48 -39
43 -50
39 -68
27 -89
41 -68
52 -51
58 -48
44 -70
36 -89
30 -109
23 -136
13 -156
6 -171
-4 -183
-20 -193
-29 -193
-47 -190
-62 -181
-78 -164
-96 -143
-105 -124
-122 -89
-115 -103
-102 -135
-90 -156
-79 -169
-68 -180
-59 -183
-49 -188
-60 -188
-74 -182
-86 -176
-98 -169
-109 -161
-119 -154
-131 -142
-142 -127
-153 -108
-160 -82
-166 -64
-171 -48
-173 -37
-179 -28
-186 -22
-182 -22
-172 -30
-165 -39
-160 -48
-158 -52
-157 -82
-157 -60
-156 -47
-157 -39
-158 -32
-161 -21
-167 -4
-170 1
-165 -3
-156 -13
-151 -20
-150 -26
-149 -36
-149 -50
-149 -36
-146 -25
-142 -12
-140 -8
-141 -29
-140 -61
-139 -92
-137 -105
-131 -119
-120 -134
-104 -150
-94 -165
-75 -174
-63 -183
-46 -188
-36 -188
-24 -173
-13 -162
-5 -141
4 -116
9 -99
12 -77
15 -63
22 -48
32 -33
29 -36
13 -53
-2 -69
-15 -89
-20 -103
-25 -121
-30 -141
-30 -135
-24 -113
-18 -80
-23 -69
-20 -58
-18 -51
-16 -35
-15 -13
-15 18
-16 33
-15 48
-17 47
-17 58
-18 61
-19 50
-18 30
-18 4
-18 -23
-22 -51
-21 -57
-21 -41
-23 -27
-26 -9
-26 -28
-28 -41
-30 -57
-31 -78
-31 -98
-34 -116
-34 -92
-30 -66
-30 -51
-35 -27
-36 -18
-36 -35
-38 -56
-40 -70
-41 -85
-41 -79
-42 -62
-45 -47
-49 -41
-47 -54
-47 -69
-50 -96
-53 -109
-55 -128
-58 -145
-60 -155
-57 -171
-53 -180
-49 -188
-31 -194
-3 -192
19 -190
40 -187
62 -179
89 -167
106 -152
121 -136
129 -121
136 -105
143 -93
144 -82
145 -75
145 -65
150 -47
151 -34
152 -24
159 -3
162 5
167 24
170 40
172 59
166 77
155 91
148 93
158 82
161 74
163 68
164 58
164 47
161 31
156 13
152 4
144 -14
144 -9
143 8
143 23
141 46
140 65
142 69
146 85
148 103
148 116
146 130
143 136
132 145
119 156
104 169
93 175
82 183
66 190
49 195
56 182
78 164
102 144
114 116
120 88
124 68
123 47
121 38
121 57
120 77
112 90
105 99
95 111
81 125
72 137
62 144
51 157
45 164
37 175
51 159
61 145
69 130
75 115
79 98
81 80
86 57
88 48
98 20
103 -5
109 -26
109 -31
110 -64
110 -85
105 -66
98 -39
90 -14
81 -1
63 30
50 53
38 79
29 94
32 61
38 30
48 8
51 -5
61 -30
61 -45
64 -63
64 -91
64 -113
63 -143
65 -116
65 -76
63 -49
62 -20
61 -8
65 1
76 -35
83 -85
83 -106
86 -99
86 -73
83 -44
79 -18
69 5
59 32
40 83
26 99
21 113
27 65
21 33
19 29
13 24
6 18
4 21
-2 33
-5 40
-8 48
-8 19
-3 -39
1 -40
16 -21
33 -13
27 -2
19 9
10 16
6 16
3 18
4 14
2 17
-5 40
-6 38
-1 -42
7 -29
5 -25
2 -9
5 -5
13 -16
15 -20
20 -20
20 -9
18 -4
28 -15
25 -22
6 -36
-4 -45
-1 -43
-10 -69
-19 -93
-22 -109
-27 -132
-27 -96
-24 -61
-20 -44
-23 -33
-25 -17
-28 -39
-32 -35
-33 -22
-36 -22
-37 -46
-39 -69
-40 -81
-42 -72
-50 -72
-57 -73
-60 -74
-64 -81
-75 -81
-89 -78
-92 -78
-81 -97
-74 -114
-81 -104
-96 -84
-104 -65
-110 -62
-114 -54
-119 -44
-118 -30
-120 -24
-124 -26
-129 -21
-127 -17
-119 -16
-117 -16
-115 -8
-109 -3
-107 -10
-110 -18
-111 -28
-112 -43
-113 -51
-116 -50
-117 -44
-120 -38
-118 -28
-125 -25
-129 -23
-135 -8
-141 -2
-146 -26
-150 -43
-149 -51
-147 -60
-148 -49
-144 -23
-140 -29
-139 -83
-134 -117
-118 -143
-105 -154
-97 -159
-86 -168
-73 -178
-58 -185
-26 -191
5 -195
16 -193
36 -187
59 -182
85 -168
100 -160
106 -162
113 -164
117 -168
113 -170
110 -167
109 -163
116 -164
117 -167
119 -163
122 -163
126 -167
128 -171
128 -178
127 -176
125 -170
124 -162
123 -152
125 -147
127 -150
127 -156
125 -158
125 -158
128 -160
131 -161
134 -162
135 -162
135 -157
137 -158
140 -161
143 -160
143 -156
145 -158
148 -159
152 -157
152 -154
158 -157
159 -157
159 -152
162 -151
171 -156
173 -161
174 -166
171 -154
172 -155
178 -156
171 -153
172 -151
173 -148
183 -148
178 -151
173 -150
178 -145
182 -146
182 -144
183 -137
142 -144
132 -146
126 -148
136 -149
145 -147
142 -147
162 -145
166 -144
150 -144
142 -144
137 -144
143 -144
149 -142
145 -141
144 -138
145 -135
145 -132
145 -131
128 -150
120 -162
114 -163
109 -163
100 -159
92 -167
68 -175
46 -184
13 -192
-15 -192
-48 -187
-54 -181
-55 -173
-58 -157
-59 -149
-59 -143
-62 -139
-66 -129
-77 -108
-86 -95
-90 -85
-95 -77
-97 -71
-104 -61
-108 -59
-114 -54
-115 -50
-117 -45
-97 -74
-93 -77
-81 -99
-64 -136
-61 -144
-56 -130
-51 -103
-44 -68
-40 -78
-40 -93
-41 -112
-44 -121
-39 -84
-44 -63
-45 -48
-45 -51
-47 -63
-57 -63
-58 -58
-59 -40
-56 -25
-58 -17
-59 -16
-67 -14
-84 -8
-102 -6
-113 -5
-116 -14
-118 -19
-121 -27
-124 -28
-122 -38
-101 -70
-93 -82
-80 -105
-68 -127
-65 -133
-61 -126
-57 -120
-54 -111
-52 -100
-50 -87
-45 -69
-45 -53
-45 -70
-56 -113
-63 -135
-72 -120
-79 -107
-73 -106
-66 -103
-77 -107
-86 -108
-95 -109
-106 -108
-115 -105
-124 -95
-130 -78
-122 -102
-117 -114
-112 -126
-97 -150
-90 -161
-107 -131
-115 -116
-120 -102
-128 -86
-132 -71
-132 -59
-132 -40
-131 -19
-120 -19
-118 -25
-119 -36
